First frame: 0; last frame: 12995; increment (frames): 500; window size: 1000
5.732831408353158
5.669479140354495
5.523417946609595
5.779436668250435
5.858610439573167
5.684055714640158
6.0023661972099
6.181904281964835
6.357036261961343
6.375632548441935
6.227222450836455
6.421968710060305
6.620606900648904
6.902381050462795
6.864247805558126
6.691836688278993
6.8470827697702665
6.839706046857586
6.881506313301661
6.775987858722464
6.8322151506083735
7.349163523927876
7.293635453397941
7.209400557469491
7.685047686163171
8.08403622594183
